48
20
42
23
45
34
96
14
32
84
96
96
79
73
30
20
37
91
24
97
43
80
52
55
79
91
43
88
86
74
99
33
35
61
45
45
45
97
62
66
49
13
5
86
32
24
85
63
29
37
88
7
76
90
15
19
14
95
38
14
5
49
68
32
60
50
77
88
61
6
29
80
67
26
95
63
42
41
40
26
95
70
90
27
80
17
25
56
26
6
10
52
61
75
25
17
10
89
75
38
29
53
11
73
88
51
50
18
13
17
95
54
80
92
76
57
84
24
15
95
8
44
77
73
45
57
74
95
63
49
68
89
22
77
66
69
6
85
58
71
47
80
46
22
34
14
37
96
19
84
95
90
11
67
57
65
93
9
32
14
99
86
59
56
52
27
69
79
16
80
45
83
12
7
38
60
15
84
96
53
24
54
64
38
46
93
48
84
61
55
12
54
6
98
97
25
37
14
86
32
87
46
96
65
33
44
17
95
53
40
21
78
75
23
84
11
78
48
54
74
44
14
83
29
53
86
71
5
9
7
73
61
77
60
87
24
82
60
26
47
14
52
94
34
31
63
61
10
73
57
46
89
23
34
12
12
55
47
21
9
65
34
14
77
98
55
54
61
61
96
79
64
92
48
92
35
60
26
7
96
60
83
80
11
98
55
16
21
84
6
59
9
77
27
34
97
49
88
96
85
49
76
8
54
35
80
92
64
41
14
69
64
21
65






























